0 FILE Mode 04l.ldr
1 0 10 -42.2476 -270 1 0 0 0 1 0 0 0 1 4212b.dat
1 0 10 -74.2476 -320 1 0 0 0 1 0 0 0 1 98835.dat
1 0 10 -34.2476 -330 1 0 0 0 1 0 0 0 1 2485.dat
1 0 10 -74.2476 -220 -1 0 0 0 1 0 0 0 -1 98835.dat
1 0 40 -66.2476 -290 0 0 -1 0 1 0 1 0 0 93792.dat
1 0 -20 -66.2476 -290 0 0 1 0 1 0 -1 0 0 93792.dat
1 0 40 -66.2476 -250 0 0 1 0 1 0 -1 0 0 93792.dat
1 0 -20 -66.2476 -250 0 0 -1 0 1 0 1 0 0 93792.dat
1 0 10 -66.2476 -260 -1 0 0 0 1 0 0 0 -1 30010.dat
1 0 40 -74.2476 -270 0 0 -1 0 1 0 1 0 0 91143.dat
1 0 -20 -74.2476 -270 0 0 1 0 1 0 -1 0 0 91143.dat
1 0 319.588 -208.4669 -396.5492 1 0 0 0 1 0 0 0 1 30187c03.dat
1 0 10 -130.2476 -260 1 0 0 0 1 0 0 0 1 98281.dat
1 406 10 -114.2476 -230 -1 0 0 0 1 0 0 0 -1 4594.dat
1 406 10 -114.2476 -310 1 0 0 0 1 0 0 0 1 3823.dat
1 0 -20 -34.2476 -210 -1 0 0 0 1 0 0 0 -1 683.dat
1 0 -34.0554 -33.7077 -330 1 0 0 0 1 0 0 0 1 683.dat
1 0 40 -34.2476 -330 1 0 0 0 1 0 0 0 1 683.dat
1 0 10 -42.2476 -210 1 0 0 0 1 0 0 0 1 2485.dat
1 0 38.5064 -34.3869 -213.0905 1 0 0 0 1 0 0 0 1 683.dat
1 0 30.2245 -4 -455.5701 1 0 0 0 1 0 0 0 1 30271.dat
1 0 30.249 -4 153.5537 1 0 0 0 1 0 0 0 1 30271.dat
1 0 322.6848 -239.4092 299.8592 1 0 0 0 1 0 0 0 1 2598ps1.dat
1 0 -253.8522 -244.1035 -8.2957 1 0 0 0 1 0 0 0 1 2598ps2.dat
1 0 91.0094 -71.3742 -558.7581 -1 0 0 0 1 0 0 0 -1 85983c01.dat
1 0 350.4178 -221.3269 167.8732 1 0 0 0 1 0 0 0 1 52035c01.dat
1 0 5.9832 -56 205.6017 0 0 -1 0 1 0 1 0 0 30642.dat
1 0 3.8611 -59.4534 159.4406 -1 0 0 0 1 0 0 0 -1 303926.dat
1 0 0.2284 -72 114.887 0 0 -1 0 1 0 1 0 0 2850a.dat
1 0 30.2283 -80 264.887 0 0 -1 0 1 0 1 0 0 925p0m.dat
1 0 -19.7717 -80 264.887 0 0 1 0 1 0 -1 0 0 925p0m.dat
1 0 36.6746 -84 135.136 1 0 0 0 1 0 0 0 1 3822p24.dat
1 0 -19.7717 -80 134.887 1 0 0 0 1 0 0 0 1 3821p24.dat
1 0 -19.7717 -152 284.887 0 0 1 0 1 0 -1 0 0 604a.dat
1 0 40.2284 -152 284.887 0 0 -1 0 1 0 1 0 0 604a.dat
1 23 10.2283 -128 144.887 1 0 0 0 1 0 0 0 1 21.dat
1 0 -9.7715 -152 204.887 1 0 0 0 1 0 0 0 1 30363.dat
1 0 30.2283 -152 204.887 1 0 0 0 1 0 0 0 1 30363ps2.dat
1 0 10.2285 -80 104.8871 0 0 -1 0 1 0 1 0 0 32083.dat
1 0 55.7985 -20 85.1115 0 0 -1 0 1 0 1 0 0 32146.dat
1 0 50.2283 -16 164.887 0 0 -1 0 1 0 1 0 0 32146.dat
1 0 60.2284 -24 324.887 0 0 -1 0 1 0 1 0 0 32146.dat
1 0 -39.7716 -24 324.887 0 0 1 0 1 0 -1 0 0 32146.dat
1 0 -39.7715 -24 164.8871 0 0 1 0 1 0 -1 0 0 32146.dat
1 0 -39.7717 -16 84.887 0 0 1 0 1 0 -1 0 0 32146.dat
1 0 -180 -208 400 1 0 0 0 1 0 0 0 1 85983c01.dat
1 0 -260 -184 -460 0 0 -1 0 1 0 1 0 0 50859bc01.dat
1 0 -280 -256 -600 1 0 0 0 1 0 0 0 1 2598.dat
1 0 -270 -248 -300 1 0 0 0 1 0 0 0 1 2598ps1.dat
0 !LEOCAD GROUP BEGIN Minifig #1
1 0 290 -248 130 -0.997564 0 0.069756 0 1 0 -0.069756 0 -0.997564 87998.dat
1 14 290 -248 130 -1 0 0 0 1 0 0 0 -1 3626bp01.dat
1 0 290 -224 130 -1 0 0 0 1 0 0 0 -1 973.dat
1 0 290 -192 130 -1 0 0 0 1 0 0 0 -1 3815.dat
1 0 274.5 -216 130 -0.985435 -0.170055 0 -0.170055 0.985435 0 0 0 -1 3819.dat
1 0 305.5 -216 130 -0.985435 0.170055 0 0.170055 0.985435 0 0 0 -1 3818.dat
1 14 266.3417 -198.127 140 -0.985435 -0.120247 0.120247 -0.170055 0.696807 -0.696808 0 -0.707107 -0.707107 3820.dat
1 14 313.6582 -198.127 140 -0.985435 0.120247 -0.120247 0.170055 0.696807 -0.696808 0 -0.707107 -0.707107 3820.dat
1 0 290 -180 130 -1 0 0 0 1 0 0 0 -1 3817.dat
1 0 290 -180 130 -1 0 0 0 1 0 0 0 -1 3816.dat
0 !LEOCAD GROUP END
1 0 -180 -216 410 1 0 0 0 1 0 0 0 1 30187c02.dat
0 !LEOCAD GROUP BEGIN Minifig #2
1 0 80 -104 -290 0.997564 0 -0.069756 0 1 0 0.069756 0 0.997564 87998.dat
1 14 80 -104 -290 1 0 0 0 1 0 0 0 1 3626bp01.dat
1 0 80 -80 -290 1 0 0 0 1 0 0 0 1 973.dat
1 0 80 -48 -290 1 0 0 0 1 0 0 0 1 3815.dat
1 0 95.5 -72 -290 0.985435 0.170055 0 -0.170055 0.985435 0 0 0 1 3819.dat
1 0 64.5 -72 -290 0.985435 -0.170055 0 0.170055 0.985435 0 0 0 1 3818.dat
1 14 103.6582 -54.127 -300 0.985435 0.120247 -0.120247 -0.170055 0.696807 -0.696808 0 0.707107 0.707107 3820.dat
1 14 56.3417 -54.127 -300 0.985435 -0.120247 0.120247 0.170055 0.696807 -0.696808 0 0.707107 0.707107 3820.dat
1 0 80 -36 -290 1 0 0 0 1 0 0 0 1 3817.dat
1 0 80 -36 -290 1 0 0 0 1 0 0 0 1 3816.dat
0 !LEOCAD GROUP END
0 !LEOCAD GROUP BEGIN Minifig #3
1 0 110 -120 100 0.997564 0 -0.069756 0 1 0 0.069756 0 0.997564 87998.dat
1 14 110 -120 100 1 0 0 0 1 0 0 0 1 3626bp01.dat
1 0 110 -96 100 1 0 0 0 1 0 0 0 1 973.dat
1 0 110 -64 100 1 0 0 0 1 0 0 0 1 3815.dat
1 0 125.5 -88 100 0.985435 0.170055 0 -0.170055 0.985435 0 0 0 1 3819.dat
1 0 94.5 -88 100 0.985435 -0.170055 0 0.170055 0.985435 0 0 0 1 3818.dat
1 14 133.6582 -70.127 90 0.985435 0.120247 -0.120247 -0.170055 0.696808 -0.696808 0 0.707107 0.707107 3820.dat
1 14 86.3418 -70.127 90 0.985435 -0.120247 0.120247 0.170055 0.696808 -0.696808 0 0.707107 0.707107 3820.dat
1 0 110 -52 100 1 0 0 0 1 0 0 0 1 3817.dat
1 0 110 -52 100 1 0 0 0 1 0 0 0 1 3816.dat
0 !LEOCAD GROUP END
1 0 -330 -232 -460 0 0 -1 0 1 0 1 0 0 30187c02.dat
1 16 0 -16 410.301 1 0 0 0 1 0 0 0 1 Submodel #1.ldr
0 !LEOCAD GROUP BEGIN Minifig #5
1 0 10 -160 246 -0.997564 0 0.069756 0 1 0 -0.069756 0 -0.997564 87998.dat
1 14 10 -160 246 -1 0 0 0 1 0 0 0 -1 3626bp01.dat
1 0 10 -136 246 -1 0 0 0 1 0 0 0 -1 973.dat
1 0 10 -104 246 -1 0 0 0 1 0 0 0 -1 3815.dat
1 0 -5.5 -128 246 -0.985435 -0.170055 0 -0.170055 0.985435 0 0 0 -1 3819.dat
1 0 25.5 -128 246 -0.985435 0.170055 0 0.170055 0.985435 0 0 0 -1 3818.dat
1 14 -13.6582 -110.127 256 -0.985435 -0.120247 0.120247 -0.170055 0.696807 -0.696808 0 -0.707107 -0.707107 3820.dat
1 14 33.6583 -110.127 256 -0.985435 0.120247 -0.120247 0.170055 0.696807 -0.696808 0 -0.707107 -0.707107 3820.dat
1 0 10 -92 246 -1 0 0 0 1 0 0 0 -1 3817.dat
1 0 10 -92 246 -1 0 0 0 1 0 0 0 -1 3816.dat
0 !LEOCAD GROUP END
0 !LEOCAD GROUP BEGIN Minifig #6
1 0 10 -160 296 -0.997564 0 0.069756 0 1 0 -0.069756 0 -0.997564 87998.dat
1 14 10 -160 296 -1 0 0 0 1 0 0 0 -1 3626bp01.dat
1 0 10 -136 296 -1 0 0 0 1 0 0 0 -1 973.dat
1 0 10 -104 296 -1 0 0 0 1 0 0 0 -1 3815.dat
1 0 -5.5 -128 296 -0.985435 -0.170055 0 -0.170055 0.985435 0 0 0 -1 3819.dat
1 0 25.5 -128 296 -0.985435 0.170055 0 0.170055 0.985435 0 0 0 -1 3818.dat
1 14 -13.6582 -110.127 306 -0.985435 -0.120247 0.120247 -0.170055 0.696807 -0.696808 0 -0.707107 -0.707107 3820.dat
1 14 33.6582 -110.127 306 -0.985435 0.120247 -0.120247 0.170055 0.696807 -0.696808 0 -0.707107 -0.707107 3820.dat
1 0 10 -92 296 -1 0 0 0 1 0 0 0 -1 3817.dat
1 0 10 -92 296 -1 0 0 0 1 0 0 0 -1 3816.dat
0 !LEOCAD GROUP END
0 !LEOCAD GROUP BEGIN Minifig #7
1 0 10 -160 336 -0.997564 0 0.069756 0 1 0 -0.069756 0 -0.997564 87998.dat
1 14 10 -160 336 -1 0 0 0 1 0 0 0 -1 3626bp01.dat
1 0 10 -136 336 -1 0 0 0 1 0 0 0 -1 973.dat
1 0 10 -104 336 -1 0 0 0 1 0 0 0 -1 3815.dat
1 0 -5.5 -128 336 -0.985435 -0.170055 0 -0.170055 0.985435 0 0 0 -1 3819.dat
1 0 25.5 -128 336 -0.985435 0.170055 0 0.170055 0.985435 0 0 0 -1 3818.dat
1 14 -13.6582 -110.127 346 -0.985435 -0.120247 0.120247 -0.170055 0.696807 -0.696808 0 -0.707107 -0.707107 3820.dat
1 14 33.6582 -110.127 346 -0.985435 0.120247 -0.120247 0.170055 0.696808 -0.696808 0 -0.707107 -0.707107 3820.dat
1 0 10 -92 336 -1 0 0 0 1 0 0 0 -1 3817.dat
1 0 10 -92 336 -1 0 0 0 1 0 0 0 -1 3816.dat
0 !LEOCAD GROUP END
0 !LEOCAD GROUP BEGIN Minifig #8
1 0 -105.5467 -96 -437.5272 -0.069757 0 -0.997564 0 1 0 0.997564 0 -0.069757 87998.dat
1 14 -105.5467 -96 -437.5272 0 0 -1 0 1 0 1 0 0 3626bp01.dat
1 0 -105.5467 -72 -437.5272 0 0 -1 0 1 0 1 0 0 973.dat
1 0 -105.5467 -40 -437.5272 0 0 -1 0 1 0 1 0 0 3815.dat
1 0 -105.5467 -64 -422.0272 0 0 -1 -0.170055 0.985435 0 0.985435 0.170055 0 3819.dat
1 0 -105.5466 -64 -453.0272 0 0 -1 0.170055 0.985435 0 0.985435 -0.170055 0 3818.dat
1 14 -95.5466 -46.127 -413.8689 0 -0.707107 -0.707107 -0.170055 0.696808 -0.696808 0.985435 0.120247 -0.120247 3820.dat
1 14 -95.5467 -46.127 -461.1854 0 -0.707107 -0.707107 0.170055 0.696808 -0.696807 0.985435 -0.120247 0.120247 3820.dat
1 0 -105.5467 -28 -437.5272 0 0 -1 0 1 0 1 0 0 3817.dat
1 0 -105.5467 -28 -437.5272 0 0 -1 0 1 0 1 0 0 3816.dat
0 !LEOCAD GROUP END
0 !LEOCAD GROUP BEGIN Minifig #9
1 0 -40.6001 -96 -432.8146 0.069757 0 0.997564 0 1 0 -0.997564 0 0.069757 87998.dat
1 14 -40.6001 -96 -432.8146 0 0 1 0 1 0 -1 0 0 3626bp01.dat
1 0 -40.6001 -72 -432.8146 0 0 1 0 1 0 -1 0 0 973.dat
1 0 -40.6001 -40 -432.8146 0 0 1 0 1 0 -1 0 0 3815.dat
1 0 -40.6001 -64 -448.3147 0 0 1 -0.170054 0.985435 0 -0.985435 -0.170054 0 3819.dat
1 0 -40.6001 -64 -417.3145 0 0 1 0.170054 0.985435 0 -0.985435 0.170054 0 3818.dat
1 14 -50.6002 -46.1268 -456.473 0 0.707106 0.707108 -0.170054 0.696808 -0.696807 -0.985435 -0.120247 0.120246 3820.dat
1 14 -50.6002 -46.1268 -409.1564 0 0.707106 0.707108 0.170054 0.696809 -0.696806 -0.985435 0.120247 -0.120246 3820.dat
1 0 -40.6001 -28 -432.8146 0 0 1 0 1 0 -1 0 0 3817.dat
1 0 -40.6001 -28 -432.8146 0 0 1 0 1 0 -1 0 0 3816.dat
0 !LEOCAD GROUP END
1 0 0 -56 -670 1 0 0 0 1 0 0 0 1 30187c03.dat
0 !LEOCAD GROUP BEGIN Minifig #10
1 0 230 -248 -670 0.997564 0 -0.069756 0 1 0 0.069756 0 0.997564 87998.dat
1 14 230 -248 -670 1 0 0 0 1 0 0 0 1 3626bp01.dat
1 0 230 -224 -670 1 0 0 0 1 0 0 0 1 973.dat
1 0 230 -192 -670 1 0 0 0 1 0 0 0 1 3815.dat
1 0 245.5 -216 -670 0.985435 0.170055 0 -0.170055 0.985435 0 0 0 1 3819.dat
1 0 214.5 -216 -670 0.985435 -0.170055 0 0.170055 0.985435 0 0 0 1 3818.dat
1 14 253.6582 -198.127 -680 0.985435 0.120247 -0.120247 -0.170055 0.696808 -0.696808 0 0.707107 0.707107 3820.dat
1 14 206.3418 -198.127 -680 0.985435 -0.120247 0.120247 0.170055 0.696808 -0.696808 0 0.707107 0.707107 3820.dat
1 0 230 -180 -670 1 0 0 0 1 0 0 0 1 3817.dat
1 0 230 -180 -670 1 0 0 0 1 0 0 0 1 3816.dat
0 !LEOCAD GROUP END
0 !LEOCAD GROUP BEGIN Minifig #11
1 0 -122 -240 -22 0 0 -1 0 1 0 1 0 0 30172.dat
1 14 -122 -240 -22 0 0 -1 0 1 0 1 0 0 3626bp01.dat
1 0 -122 -216 -22 0 0 -1 0 1 0 1 0 0 973.dat
1 0 -122 -184 -22 0 0 -1 0 1 0 1 0 0 3815.dat
1 0 -122 -208 -6.5 0 0 -1 -0.170055 0.985435 0 0.985435 0.170055 0 3819.dat
1 0 -122 -208 -37.5 0 0 -1 0.170055 0.985435 0 0.985435 -0.170055 0 3818.dat
1 14 -112 -190.127 1.6582 0 -0.707107 -0.707107 -0.170055 0.696807 -0.696808 0.985435 0.120247 -0.120247 3820.dat
1 14 -112 -190.127 -45.6582 0 -0.707107 -0.707107 0.170055 0.696807 -0.696808 0.985435 -0.120247 0.120247 3820.dat
1 0 -122 -172 -22 0 0 -1 0 1 0 1 0 0 3817.dat
1 0 -122 -172 -22 0 0 -1 0 1 0 1 0 0 3816.dat
0 !LEOCAD GROUP END
1 0 230 -392 -30 1 0 0 0 1 0 0 0 1 2580.dat
1 0 230 -272 -30 1 0 0 0 1 0 0 0 1 2580c01.dat
1 0 230.249 -508 -30.5093 1 0 0 0 1 0 0 0 1 2580c01.dat
1 0 230 -629.5458 -30.1624 1 0 0 0 1 0 0 0 1 2580c01.dat
1 0 248.3189 -689.3879 -29.8688 1 0 0 0 1 0 0 0 1 2972.dat
1 0 540.1707 -695.9512 36.612 1 0 0 0 1 0 0 0 1 2959c01.dat
1 0 -36.7234 -696.5095 35.9925 1 0 0 0 1 0 0 0 1 2959c01.dat
1 0 536.5272 -695.3152 -100.28 1 0 0 0 1 0 0 0 1 2959c01.dat
1 0 -35.3944 -693.2096 -96.7493 1 0 0 0 1 0 0 0 1 2959c01.dat
1 0 32.8306 -4 -1072.1023 1 0 0 0 1 0 0 0 1 30271.dat
1 0 33.2932 -4 -1702.6808 1 0 0 0 1 0 0 0 1 30271.dat
1 0 20.6709 -77.764 -1135.7402 0 0 -1 0 1 0 1 0 0 30642.dat
1 0 20.2522 -80.7299 -1076.2943 -1 0 0 0 1 0 0 0 -1 30640c01.dat
1 0 22.4141 -64.2703 -1060.7578 -1 0 0 0 1 0 0 0 -1 4869.dat
1 0 1.2808 -103.4463 -1044.2811 -1 0 0 0 1 0 0 0 -1 329826.dat
1 0 39.3333 -103.3762 -1044.3013 -1 0 0 0 1 0 0 0 -1 329826.dat
1 0 -7.3864 -105.3599 -1064.9036 -1 0 0 0 1 0 0 0 -1 3822p24.dat
1 0 50.4819 -105.9985 -1065.7375 -1 0 0 0 1 0 0 0 -1 3821p24.dat
1 23 21.3685 -152.8754 -1066.2095 -1 0 0 0 1 0 0 0 -1 3823.dat
1 0 26.5469 -67.4796 -1223.8342 0 -0.866025 0.5 -1 0 0 0 -0.5 -0.866025 30088.dat
1 0 -2.3322 -98.4708 -1192.9689 0.5 -0.75 0.433013 -0.866026 -0.433012 0.25 0 -0.5 -0.866026 15391c02.dat
1 0 30.324 -79.617 -1192.8027 0.5 -0.866025 0 -0.866025 -0.5 0 0 0 -1 30141.dat
1 0 26.531 -82.0382 -1134.3483 -0.75 0.433013 -0.5 0.433013 -0.25 -0.866025 -0.5 -0.866026 0 61190a.dat
1 0 -10.9987 -102.9806 -1177.7007 0 0 -1 0 1 0 1 0 0 3009p25.dat
1 0 51.0563 -101.5644 -1173.2291 0 0 -1 0 1 0 1 0 0 3009p25.dat
1 0 -9.7996 -126.9212 -1177.5627 0 0 -1 0 1 0 1 0 0 3009p17.dat
1 0 51.0563 -125.2304 -1173.2291 0 0 1 0 1 0 -1 0 0 3009p17.dat
1 0 40.9916 -101.6367 -1264.4182 1 0 0 0 1 0 0 0 1 3004p18.dat
1 0 40.9916 -126.6623 -1264.4182 -1 0 0 0 1 0 0 0 -1 3004p18.dat
1 0 -0.1523 -126.4889 -1264.3959 -1 0 0 0 1 0 0 0 -1 3004p18.dat
1 0 1.3172 -101.2619 -1264.113 -1 0 0 0 1 0 0 0 -1 3004p18.dat
1 0 20.6224 -102.7552 -1243.0242 1 0 -0.000001 0 1 0 0.000001 0 1 3010.dat
1 0 21.1153 -126.7305 -1245.1104 -1 0 0 0 1 0 0 0 -1 3010.dat
1 0 38.7784 -100.418 -1156.4124 0 0 -1 0 1 0 1 0 0 u8005b.dat
1 0 -0.2412 -151.2941 -1153.7133 0 0 -1 0 1 0 1 0 0 u8005b.dat
1 0 69.365 -39.0219 -1017.7285 0 0 -1 0 1 0 1 0 0 32146.dat
1 0 66.2611 -37.2304 -1171.4917 0 0 -1 0 1 0 1 0 0 32146.dat
1 0 69.3956 -41.414 -1254.2937 0 0 -1 0 1 0 1 0 0 32146.dat
1 0 -23.118 -39.1935 -1012.0579 0 0 1 0 1 0 -1 0 0 32146.dat
1 0 -21.7392 -34.5387 -1175.5668 0 0 1 0 1 0 -1 0 0 32146.dat
1 0 -25.7376 -40.2989 -1251.5093 0 0 1 0 1 0 -1 0 0 32146.dat
1 0 345.4162 -248 -1869.3893 1 0 0 0 1 0 0 0 1 2598ps1.dat
1 0 -260.8352 -226.6353 -1837.4003 1 0 0 0 1 0 0 0 1 2598.dat
1 0 -252.6583 -231.9702 -1564.3948 1 0 0 0 1 0 0 0 1 2598ps2.dat
1 0 363.3755 -248.1099 -1521.8666 1 0 0 0 1 0 0 0 1 2598.dat
1 0 325.5554 -242.2632 -887.0093 1 0 0 0 1 0 0 0 1 2598.dat
1 0 16.2095 -126.6439 -1193.4166 1 0 0 0 1 0 0 0 1 87944.dat
0 !LEOCAD GROUP BEGIN jeep
1 0 -14.0039 -84.0705 -1501.0225 0 0 1 0 1 0 -1 0 0 30262.dat
1 0 -15.4136 -112.3021 -1591.9111 1 0 0 0 1 0 0 0 1 93587.dat
1 0 -13.1882 -107.741 -1412.8501 -1 0 0 0 1 0 0 0 -1 93597.dat
1 0 -14.2634 -108.0664 -1487.2684 -1 0 0 0 1 0 0 0 -1 4865d01.dat
1 0 15.3232 -109.398 -1446.6406 -1 0 0 0 1 0 0 0 -1 3821.dat
1 0 -43.8981 -108.516 -1449.2759 -1 0 0 0 1 0 0 0 -1 3822p01.dat
1 0 -47.5819 -110.0084 -1509.3085 -1 0 0 0 1 0 0 0 -1 3822p01.dat
1 0 19.2262 -108.6123 -1507.0634 -1 0 0 0 1 0 0 0 -1 3821.dat
1 0 -15.2926 -107.5346 -1547.6606 -1 0 0 0 1 0 0 0 -1 4865d01.dat
1 0 -15.1504 -109.142 -1447.4863 -1 0 0 0 1 0 0 0 -1 3004p06.dat
1 0 -14.5055 -111.926 -1514.037 1 0 0 0 1 0 0 0 1 3004pz5.dat
1 0 -15.8176 -109.707 -1430.3784 1 0 0 0 1 0 0 0 1 3010pt0.dat
1 0 -12.7952 -109.9093 -1567.8105 1 0 0 0 1 0 0 0 1 3010pt0.dat
1 1 -14.6766 -150.9185 -1450.3892 -1 0 0 0 1 0 0 0 -1 21.dat
1 1 -15.7122 -154.5917 -1547.3486 1 0 0 0 1 0 0 0 1 4594.dat
1 0 -44.1967 -159.8595 -1499.1476 0 0 1 0 1 0 -1 0 0 663626.dat
1 0 14.0446 -159.4669 -1499.3512 0 0 1 0 1 0 -1 0 0 663626.dat
1 0 -14.6768 -162.0784 -1566.6396 1 0 0 0 1 0 0 0 1 3710.dat
1 0 -14.6766 -50.0784 -1624.6697 1 0 0 0 1 0 0 0 1 317626.dat
1 0 -14.6769 -162.0784 -1496.6398 0 0 1 0 1 0 -1 0 0 3034.dat
1 0 8.8746 -48.2672 -1600.6831 1 0 0 0 1 0 0 0 1 683.dat
1 0 14.7401 -48.3798 -1403 1 0 0 0 1 0 0 0 1 683.dat
1 0 -36.4259 -45.0279 -1601.373 -1 0 0 0 1 0 0 0 -1 683.dat
1 0 -39.1421 -46.1828 -1399.9233 -1 0 0 0 1 0 0 0 -1 683.dat
1 0 -13.1272 -50.9603 -1811.5811 1 0 0 0 1 0 0 0 1 3888ac01.dat
1 0 13.1029 -126.5336 -1797.0168 -1 0 0 0 1 0 0 0 -1 52035c01.dat
1 0 -41.7108 -74.9088 -1741.8733 -1 0 0 0 1 0 0 0 -1 50860c01.dat
1 0 29.6925 -117.5092 -1946.5685 -0.866025 0 0.5 0 1 0 -0.5 0 -0.866025 85983c01.dat
1 0 -10.0024 -51.733 -2097.7485 1 0 0 0 1 0 0 0 1 3888ac01.dat
1 0 -6.8007 -102.6074 -2089.5923 -1 0 0 0 1 0 0 0 -1 30187c01.dat
1 0 9.2682 -102.2299 -2154.8086 1 0 0 0 1 0 0 0 1 30187c01.dat
0 !LEOCAD GROUP END
1 0 35.2548 -4 -2338.1379 1 0 0 0 1 0 0 0 1 30271.dat
0 NOFILE
0 FILE Submodel #1.ldr
1 0 0 -96 -4.301 -0.997564 0 0.069756 0 1 0 -0.069756 0 -0.997564 87998.dat
1 14 0 -96 -4.301 -1 0 0 0 1 0 0 0 -1 3626bp01.dat
1 0 0 -72 -4.301 -1 0 0 0 1 0 0 0 -1 973.dat
1 0 0 -40 -4.301 -1 0 0 0 1 0 0 0 -1 3815.dat
1 0 -15.5 -64 -4.301 -0.985435 -0.170055 0 -0.170055 0.985435 0 0 0 -1 3819.dat
1 0 15.5 -64 -4.301 -0.985435 0.170055 0 0.170055 0.985435 0 0 0 -1 3818.dat
1 14 -23.6582 -46.127 5.699 -0.985435 -0.120247 0.120247 -0.170055 0.696807 -0.696808 0 -0.707107 -0.707107 3820.dat
1 14 23.6582 -46.127 5.699 -0.985435 0.120247 -0.120247 0.170055 0.696807 -0.696808 0 -0.707107 -0.707107 3820.dat
1 0 0 -28 -4.301 -1 0 0 0 1 0 0 0 -1 3817.dat
1 0 0 -28 -4.301 -1 0 0 0 1 0 0 0 -1 3816.dat
0 NOFILE
